bed	0.238262	2.34185	-1.44845
bed_room	-1	2
center_table	1.57405	2.51387	-1.0426
dining_room	4.0361	3.89755	-0.923623
dining_table	4.0361	3.89755	-0.923623
door1	0.275488	7.1835	1.95502
door2	3.46424	1.90148	-1.00703
doorOne	-0.25	-2.6
doorTwo	-3.1	3.5
fridge	-0.859159	4.14826	3.6709
hall	2.52903	3.44418	-1.01374
hall2	1.86817	4.32646	2.08565
hall3	1.04345	5.80539	1.70191
hallOne	-1.5	-0.2
hallTwo	-2.5	2.2
init	0.0127655	-0.00185759	0.000171207
kitchen	0.275918	4.80562	0.462866
kitchen_tabble	-0.0255592	5.21067	2.06972
kitchen_table	-0.0255592	5.21067	2.06972
living_room	2.59701	5.29519	1.27174
living_roomOne	-3.5	-0.5
night_stand	1.01886	1.82573	-1.09881
shelf	4.07488	4.52915	0.716799
side_table	-3.5	-1.5
tv_table	2.73281	6.79296	0.667346
